Rd 1	XP Morgan
L369-400  0-1 -31
0
11
0
2
0
0
0
0
0
0
0
0
8
21/1.6

Rd 2	Vicky Julian
w382-348  1-1 +3
0
0
0
1
0
0
0
0
7
9
0
11
0
28/2.2

Rd 3	Ed de Guzman
L370-440  1-2 -67
1
3
6
0
6
1
0
0
11
0
17
0
44/3.4

Rd 4	KC
W476-346  2-2 +63
0
0
0
3
6
3
0
0
0
4
0
0
0
0
16/1.1

Rd 5	Conrad
W449-324  3-2 +188
0
0
8
0
26
32
0
9
0
0
0
0
0
75/5.8

Rd 6	Alan Deloriea
L365-409  3-3 +144
11
0
0
3
6
0
0
15
0
0
0
35/3.2

Rd 7	Alex Jaech
L387-497  3-4 +34
0
2
0
7
0
4
0
0
4
0
0
7
3
0
0
27/1.8

Rd 8	Conrad
L341-531  3-5 -156
0
0
0
0
0
0
3
1
1
3
0
(10)
8/.7